-817
-817
-815
-809
-808
-807
-806
-805
-805
-804
-803
-801
-800
-800
-799
-798
-798
-798
-794
-793
-793
-793
-792
-792
-789
-788
-787
-787
-786
-785
-785
-785
-782
-781
-781
-781
-780
-780
-778
-778
-778
-778
-777
-777
-776
-776
-775
-775
-775
-774
-774
-774
-773
-773
-772
-772
-772
-772
-771
-770
-770
-769
-768
-768
-767
-767
-767
-766
-766
-766
-766
-765
-765
-765
-764
-764
-764
-763
-763
-763
-763
-762
-762
-762
-762
-761
-761
-761
-761
-761
-761
-760
-760
-760
-759
-759
-759
-759
-758
-758
-758
-758
-758
-758
-758
-758
-757
-757
-757
-757
-757
-757
-757
-757
-757
-756
-756
-756
-756
-756
-755
-755
-755
-755
-755
-755
-754
-754
-754
-754
-754
-754
-753
-753
-753
-753
-752
-752
-752
-752
-751
-751
-751
-751
-751
-751
-751
-751
-751
-750
-750
-750
-750
-750
-750
-750
-750
-749
-749
-749
-749
-748
-748
-748
-748
-748
-748
-748
-748
-748
-748
-747
-746
-746
-746
-746
-746
-746
-746
-745
-745
-745
-745
-745
-745
-745
-745
-745
-745
-745
-744
-744
-744
-744
-744
-743
-743
-743
-743
-742
-742
-742
-742
-742
-742
-742
-742
-742
-742
-742
-742
-742
-742
-742
-741
-741
-741
-741
-741
-741
-741
-740
-740
-740
-740
-740
-740
-740
-739
-739
-739
-739
-739
-739
-739
-738
-738
-738
-738
-738
-737
-737
-737
-737
-737
-737
-737
-737
-736
-736
-736
-736
-736
-736
-736
-736
-736
-736
-735
-735
-735
-735
-734
-734
-734
-734
-734
-734
-734
-734
-733
-733
-733
-733
-733
-733
-733
-733
-732
-732
-732
-732
-731
-731
-731
-731
-731
-731
-731
-731
-731
-730
-730
-730
-730
-730
-730
-730
-730
-729
-729
-729
-729
-728
-728
-728
-728
-728
-727
-727
-727
-727
-727
-727
-727
-727
-726
-726
-726
-726
-726
-725
-725
-725
-725
-725
-724
-724
-724
-724
-724
-724
-724
-724
-723
-723
-723
-723
-723
-722
-722
-722
-722
-722
-722
-722
-722
-721
-721
-721
-721
-721
-721
-721
-721
-721
-721
-720
-720
-720
-720
-720
-720
-720
-720
-720
-720
-719
-719
-719
-719
-719
-719
-719
-719
-718
-718
-718
-718
-718
-718
-718
-718
-718
-718
-717
-717
-717
-717
-716
-716
-716
-716
-715
-715
-715
-715
-714
-714
-713
-713
-713
-713
-713
-712
-712
-712
-712
-712
-712
-712
-711
-711
-711
-711
-711
-710
-710
-710
-710
-710
-710
-710
-709
-709
-709
-709
-709
-709
-709
-709
-709
-709
-708
-708
-708
-708
-707
-707
-707
-707
-706
-706
-706
-706
-706
-705
-705
-705
-705
-705
-705
-704
-704
-704
-704
-704
-703
-703
-703
-703
-703
-703
-703
-703
-702
-702
-701
-700
-700
-700
-700
-700
-700
-700
-699
-699
-699
-699
-698
-698
-698
-698
-697
-697
-697
-696
-696
-696
-696
-696
-696
-695
-695
-695
-695
-695
-695
-695
-695
-695
-694
-694
-694
-693
-693
-693
-693
-693
-693
-693
-693
-691
-691
-691
-691
-690
-690
-690
-690
-690
-690
-689
-689
-689
-689
-688
-688
-688
-687
-687
-687
-687
-686
-686
-686
-685
-685
-685
-685
-685
-685
-685
-684
-684
-684
-684
-683
-683
-683
-683
-683
-682
-681
-681
-681
-681
-681
-681
-681
-680
-680
-680
-680
-680
-680
-679
-679
-679
-679
-679
-679
-679
-678
-678
-678
-678
-677
-677
-677
-676
-676
-676
-676
-676
-676
-675
-675
-675
-675
-674
-674
-674
-674
-673
-673
-673
-673
-672
-671
-671
-671
-671
-671
-671
-670
-670
-670
-670
-670
-670
-669
-669
-668
-667
-667
-667
-667
-666
-666
-666
-666
-665
-665
-664
-664
-664
-663
-663
-663
-662
-662
-662
-662
-661
-661
-660
-660
-660
-659
-659
-659
-659
-659
-659
-658
-658
-658
-658
-658
-657
-657
-657
-657
-657
-657
-657
-657
-656
-656
-656
-655
-655
-655
-655
-655
-654
-654
-654
-654
-653
-653
-653
-652
-651
-650
-650
-650
-650
-650
-649
-649
-648
-648
-648
-648
-647
-647
-647
-647
-647
-647
-646
-646
-646
-645
-645
-645
-645
-645
-644
-644
-644
-644
-644
-644
-644
-643
-643
-643
-643
-642
-642
-641
-641
-641
-641
-641
-640
-640
-640
-640
-640
-639
-639
-638
-638
-637
-637
-636
-636
-636
-634
-634
-634
-634
-633
-633
-633
-633
-633
-632
-632
-631
-631
-631
-630
-629
-628
-628
-627
-626
-626
-625
-625
-625
-625
-625
-624
-623
-623
-622
-622
-622
-622
-621
-621
-621
-621
-621
-620
-620
-620
-620
-619
-619
-619
-618
-618
-618
-618
-618
-618
-618
-618
-618
-617
-617
-617
-617
-616
-616
-616
-616
-616
-616
-616
-615
-614
-614
-614
-614
-613
-613
-613
-612
-612
-612
-612
-611
-611
-611
-610
-610
-610
-609
-609
-609
-609
-609
-609
-609
-608
-608
-608
-608
-607
-607
-607
-607
-606
-605
-605
-605
-604
-604
-604
-604
-603
-603
-603
-602
-602
-601
-601
-600
-600
-600
-599
-599
-599
-599
-598
-598
-597
-596
-596
-596
-596
-596
-596
-595
-595
-595
-595
-594
-594
-593
-593
-593
-592
-591
-591
-590
-590
-590
-589
-589
-588
-587
-587
-587
-586
-585
-585
-585
-585
-584
-584
-584
-584
-583
-583
-582
-581
-581
-580
-579
-579
-578
-578
-576
-576
-575
-575
-574
-574
-573
-573
-572
-572
-571
-570
-570
-570
-570
-570
-569
-569
-569
-569
-568
-568
-568
-567
-567
-566
-565
-565
-564
-564
-564
-563
-562
-562
-562
-562
-562
-559
-559
-558
-557
-557
-557
-556
-556
-555
-553
-552
-552
-552
-552
-551
-551
-550
-550
-550
-550
-550
-549
-548
-547
-547
-547
-546
-546
-545
-545
-543
-543
-543
-543
-543
-542
-541
-541
-541
-540
-540
-540
-539
-539
-537
-536
-535
-534
-533
-533
-533
-533
-533
-533
-531
-530
-530
-528
-528
-528
-527
-526
-525
-524
-524
-524
-523
-522
-522
-516
-515
-515
-511
-510
-509
-508
-508
-507
-506
-505
-505
-503
-503
-503
-503
-502
-502
-502
-502
-501
-501
-500
-498
-498
-497
-497
-497
-497
-496
-495
-494
-494
-492
-492
-492
-490
-490
-489
-487
-487
-487
-485
-484
-482
-481
-481
-481
-480
-479
-478
-477
-476
-474
-474
-474
-472
-472
-471
-470
-469
-469
-467
-467
-466
-466
-464
-464
-462
-462
-462
-461
-458
-457
-457
-454
-454
-453
-450
-450
-449
-449
-448
-448
-448
-448
-447
-446
-446
-443
-443
-440
-438
-435
-433
-432
-431
-431
-428
-425
-424
-424
-421
-420
-419
-418
-417
-417
-416
-416
-415
-414
-414
-413
-413
-413
-411
-411
-410
-410
-409
-407
-407
-407
-406
-406
-406
-406
-404
-404
-404
-403
-403
-403
-403
-402
-402
-402
-402
-402
-401
-401
-401
-400
-400
-399
-399
-399
-399
-399
-399
-399
-399
-398
-398
-398
-398
-398
-398
-397
-397
-397
-397
-397
-396
-396
-396
-396
-396
-396
-396
-396
-396
-396
-396
-395
-395
-395
-395
-394
-394
-394
-394
-394
-393
-393
-393
-393
-393
-393
-392
-392
-392
-392
-391
-391
-391
-391
-391
-391
-390
-390
-390
-390
-390
-390
-390
-390
-389
-389
-389
-389
-389
-388
-388
-388
-388
-387
-387
-387
-387
-387
-387
-387
-387
-387
-386
-386
-386
-386
-386
-386
-386
-386
-386
-386
-385
-385
-385
-385
-385
-385
-385
-385
-384
-384
-384
-384
-384
-384
-384
-384
-384
-384
-383
-383
-383
-383
-383
-383
-383
-382
-382
-382
-382
-382
-382
-382
-382
-382
-382
-382
-382
-382
-381
-381
-381
-381
-381
-381
-381
-381
-380
-380
-380
-380
-380
-380
-380
-380
-380
-380
-380
-380
-380
-380
-380
-379
-379
-379
-379
-379
-379
-379
-379
-379
-379
-379
-379
-379
-379
-379
-379
-379
-379
-378
-378
-378
-378
-378
-378
-378
-378
-378
-378
-378
-377
-377
-377
-377
-377
-377
-377
-377
-377
-377
-377
-377
-377
-377
-377
-377
-377
-377
-377
-376
-376
-376
-376
-376
-376
-376
-376
-376
-376
-376
-375
-375
-375
-375
-375
-375
-375
-374
-374
-374
-374
-374
-374
-374
-374
-374
-374
-373
-373
-373
-373
-373
-373
-373
-373
-373
-373
-373
-373
-373
-373
-372
-372
-372
-372
-372
-372
-372
-372
-372
-372
-372
-372
-372
-372
-372
-372
-372
-372
-371
-371
-371
-371
-371
-371
-371
-371
-371
-371
-371
-371
-371
-371
-371
-370
-370
-370
-370
-370
-370
-370
-370
-370
-370
-370
-370
-370
-369
-369
-369
-369
-369
-369
-369
-368
-368
-368
-368
-368
-368
-368
-368
-367
-367
-367
-367
-367
-367
-367
-367
-367
-367
-366
-366
-366
-366
-366
-366
-366
-366
-366
-366
-366
-366
-366
-366
-366
-366
-365
-365
-365
-365
-365
-365
-365
-364
-364
-364
-364
-364
-364
-364
-364
-363
-363
-363
-363
-363
-363
-363
-363
-363
-363
-363
-363
-363
-363
-362
-362
-362
-362
-362
-362
-362
-362
-362
-362
-361
-361
-361
-361
-361
-361
-361
-361
-361
-360
-360
-360
-360
-360
-360
-360
-360
-360
-359
-359
-359
-359
-359
-359
-359
-359
-359
-359
-359
-358
-358
-358
-358
-358
-358
-358
-358
-357
-357
-357
-357
-357
-357
-357
-356
-356
-356
-356
-356
-356
-356
-356
-356
-355
-355
-355
-355
-355
-354
-354
-354
-354
-354
-353
-353
-353
-353
-353
-353
-353
-353
-353
-352
-352
-352
-352
-352
-352
-351
-351
-351
-351
-350
-350
-350
-350
-350
-349
-349
-349
-348
-348
-348
-348
-347
-347
-347
-347
-347
-347
-347
-346
-346
-346
-345
-345
-345
-345
-345
-344
-344
-344
-344
-344
-344
-343
-343
-343
-343
-343
-342
-342
-342
-342
-341
-341
-341
-341
-341
-341
-340
-340
-340
-340
-340
-340
-340
-339
-339
-339
-339
-338
-338
-338
-337
-337
-336
-336
-336
-336
-336
-335
-335
-335
-335
-334
-334
-334
-333
-333
-333
-333
-332
-332
-332
-332
-332
-331
-331
-331
-330
-329
-329
-329
-329
-328
-328
-328
-328
-327
-327
-326
-326
-326
-325
-324
-324
-324
-323
-322
-322
-321
-321
-321
-319
-319
-319
-319
-318
-318
-318
-318
-317
-317
-317
-316
-316
-316
-316
-316
-315
-315
-314
-314
-313
-313
-313
-313
-312
-312
-312
-312
-311
-311
-311
-310
-310
-309
-309
-309
-308
-308
-308
-307
-307
-306
-306
-305
-305
-305
-305
-305
-305
-304
-304
-304
-304
-304
-303
-303
-303
-303
-302
-302
-302
-300
-300
-300
-300
-299
-299
-299
-299
-299
-299
-298
-297
-296
-296
-296
-295
-295
-294
-294
-293
-292
-292
-291
-291
-290
-289
-289
-288
-288
-287
-287
-286
-284
-284
-284
-282
-282
-282
-282
-281
-281
-279
-277
-276
-276
-275
-271
-270
-268
-268
-268
-268
-266
-262
-262
-259
-258
-258
-258
-257
-257
-256
-255
-254
-253
-250
-248
-242
-240
-239
-239
-236
-233
-228
-227
-226
-224
-223
-223
-220
-219
-217
-216
-215
-214
-212
-211
-210
-209
-209
-208
-208
-207
-207
-206
-206
-205
-205
-204
-204
-204
-204
-204
-204
-203
-202
-202
-201
-201
-201
-200
-200
-199
-199
-198
-198
-198
-197
-197
-196
-195
-194
-194
-194
-193
-193
-193
-191
-190
-189
-189
-187
-186
-185
-184
-183
-182
-181
-181
-177
-175
-167
-164
-163
-162
-160
-160
-158
-158
-158
-156
-155
-154
-154
-153
-153
-152
-151
-150
-149
-149
-149
-149
-148
-148
-148
-148
-148
-147
-146
-146
-146
-145
-145
-145
-144
-144
-144
-144
-144
-144
-144
-144
-144
-143
-143
-143
-143
-143
-143
-143
-143
-143
-142
-142
-142
-142
-142
-142
-142
-142
-142
-142
-142
-142
-141
-141
-141
-141
-141
-141
-141
-141
-141
-141
-141
-141
-141
-141
-141
-141
-141
-141
-141
-141
-141
-141
-141
-141
-141
-140
-140
-140
-140
-140
-140
-140
-140
-140
-140
-140
-140
-140
-140
-140
-140
-140
-140
-140
-140
-139
-139
-139
-139
-139
-139
-139
-139
-139
-139
-139
-139
-139
-139
-139
-139
-139
-139
-139
-139
-139
-139
-139
-139
-139
-139
-139
-139
-139
-139
-139
-139
-139
-139
-139
-139
-139
-138
-138
-138
-138
-138
-138
-138
-138
-138
-138
-138
-138
-138
-138
-138
-138
-138
-138
-138
-138
-138
-138
-138
-138
-138
-138
-138
-138
-138
-138
-138
-138
-138
-138
-138
-138
-138
-138
-138
-138
-138
-138
-138
-138
-138
-138
-138
-138
-138
-138
-138
-138
-138
-138
-138
-138
-138
-137
-137
-137
-137
-137
-137
-137
-137
-137
-137
-137
-137
-137
-137
-137
-137
-137
-137
-137
-137
-137
-137
-137
-137
-137
-137
-137
-137
-137
-137
-137
-137
-137
-137
-137
-137
-137
-137
-137
-137
-137
-137
-137
-137
-137
-137
-137
-137
-137
-137
-137
-137
-137
-137
-137
-137
-137
-137
-137
-137
-136
-136
-136
-136
-136
-136
-136
-136
-136
-136
-136
-136
-136
-136
-136
-136
-136
-136
-136
-136
-136
-136
-136
-136
-136
-136
-136
-136
-136
-136
-136
-136
-136
-136
-136
-136
-136
-136
-136
-136
-136
-136
-136
-136
-136
-136
-136
-136
-136
-136
-136
-136
-136
-136
-136
-136
-136
-136
-136
-136
-136
-136
-136
-136
-136
-136
-136
-136
-136
-135
-135
-135
-135
-135
-135
-135
-135
-135
-135
-135
-135
-135
-135
-135
-135
-135
-135
-135
-135
-135
-135
-135
-135
-135
-135
-135
-135
-135
-135
-135
-135
-135
-135
-135
-135
-135
-135
-135
-135
-135
-135
-135
-135
-135
-135
-135
-135
-135
-135
-135
-135
-135
-135
-135
-135
-134
-134
-134
-134
-134
-134
-134
-134
-134
-134
-134
-134
-134
-134
-134
-134
-134
-134
-134
-134
-134
-134
-134
-134
-134
-134
-134
-134
-134
-134
-134
-134
-134
-134
-134
-134
-134
-134
-134
-134
-134
-134
-134
-134
-134
-134
-134
-134
-134
-134
-134
-134
-134
-134
-134
-134
-134
-134
-134
-133
-133
-133
-133
-133
-133
-133
-133
-133
-133
-133
-133
-133
-133
-133
-133
-133
-133
-133
-133
-133
-133
-133
-133
-133
-133
-133
-133
-133
-133
-133
-133
-133
-133
-133
-133
-133
-133
-133
-133
-133
-133
-133
-133
-133
-133
-133
-133
-133
-133
-133
-133
-132
-132
-132
-132
-132
-132
-132
-132
-132
-132
-132
-132
-132
-132
-132
-132
-132
-132
-132
-132
-132
-132
-132
-132
-132
-132
-132
-132
-132
-132
-132
-132
-132
-132
-132
-132
-132
-132
-132
-132
-132
-132
-132
-132
-132
-132
-132
-132
-132
-132
-132
-132
-132
-132
-132
-132
-132
-132
-131
-131
-131
-131
-131
-131
-131
-131
-131
-131
-131
-131
-131
-131
-131
-131
-131
-131
-131
-131
-131
-131
-131
-131
-131
-131
-131
-131
-131
-131
-131
-131
-131
-131
-131
-131
-131
-131
-131
-131
-131
-131
-131
-131
-131
-131
-131
-131
-131
-131
-131
-131
-131
-131
-130
-130
-130
-130
-130
-130
-130
-130
-130
-130
-130
-130
-130
-130
-130
-130
-130
-130
-130
-130
-130
-130
-130
-130
-130
-130
-130
-130
-130
-130
-130
-130
-130
-130
-130
-130
-130
-130
-130
-130
-130
-130
-130
-130
-130
-130
-130
-130
-130
-130
-130
-130
-130
-130
-130
-130
-130
-130
-130
-130
-130
-130
-130
-129
-129
-129
-129
-129
-129
-129
-129
-129
-129
-129
-129
-129
-129
-129
-129
-129
-129
-129
-129
-129
-129
-129
-129
-129
-129
-129
-129
-129
-129
-129
-129
-129
-129
-129
-129
-129
-129
-129
-129
-129
-129
-129
-129
-129
-129
-129
-129
-129
-129
-129
-129
-129
-129
-129
-129
-129
-129
-129
-129
-129
-129
-129
-129
-129
-129
-129
-129
-129
-128
-128
-128
-128
-128
-128
-128
-128
-128
-128
-128
-128
-128
-128
-128
-128
-128
-128
-128
-128
-128
-128
-128
-128
-128
-128
-128
-128
-128
-128
-128
-128
-128
-128
-128
-128
-128
-128
-128
-128
-128
-128
-128
-128
-128
-128
-128
-128
-128
-128
-128
-128
-128
-128
-128
-128
-128
-128
-127
-127
-127
-127
-127
-127
-127
-127
-127
-127
-127
-127
-127
-127
-127
-127
-127
-127
-127
-127
-127
-127
-127
-127
-127
-127
-127
-127
-127
-127
-127
-127
-127
-127
-127
-127
-127
-127
-127
-127
-127
-127
-127
-127
-127
-127
-127
-127
-127
-127
-127
-127
-127
-127
-127
-127
-127
-127
-127
-126
-126
-126
-126
-126
-126
-126
-126
-126
-126
-126
-126
-126
-126
-126
-126
-126
-126
-126
-126
-126
-126
-126
-126
-126
-126
-126
-126
-126
-126
-126
-126
-126
-126
-126
-126
-126
-126
-126
-126
-126
-126
-126
-126
-126
-126
-126
-126
-126
-126
-126
-126
-126
-126
-126
-126
-126
-126
-126
-126
-126
-126
-126
-126
-126
-126
-126
-126
-126
-126
-125
-125
-125
-125
-125
-125
-125
-125
-125
-125
-125
-125
-125
-125
-125
-125
-125
-125
-125
-125
-125
-125
-125
-125
-125
-125
-125
-125
-125
-125
-125
-125
-125
-125
-125
-125
-125
-125
-125
-125
-125
-125
-125
-125
-125
-125
-125
-125
-125
-125
-125
-125
-125
-125
-125
-125
-125
-125
-124
-124
-124
-124
-124
-124
-124
-124
-124
-124
-124
-124
-124
-124
-124
-124
-124
-124
-124
-124
-124
-124
-124
-124
-124
-124
-124
-124
-124
-124
-124
-124
-124
-124
-124
-124
-124
-124
-124
-124
-124
-124
-124
-124
-124
-124
-124
-124
-124
-124
-124
-124
-124
-124
-124
-124
-124
-124
-123
-123
-123
-123
-123
-123
-123
-123
-123
-123
-123
-123
-123
-123
-123
-123
-123
-123
-123
-123
-123
-123
-123
-123
-123
-123
-123
-123
-123
-123
-123
-123
-123
-123
-123
-123
-123
-123
-123
-123
-123
-123
-123
-123
-123
-122
-122
-122
-122
-122
-122
-122
-122
-122
-122
-122
-122
-122
-122
-122
-122
-122
-122
-122
-122
-122
-122
-122
-122
-122
-122
-122
-122
-122
-122
-122
-122
-122
-122
-122
-122
-122
-122
-122
-122
-122
-122
-122
-122
-122
-122
-122
-122
-122
-122
-122
-122
-122
-121
-121
-121
-121
-121
-121
-121
-121
-121
-121
-121
-121
-121
-121
-121
-121
-121
-121
-121
-121
-121
-121
-121
-121
-121
-121
-121
-121
-121
-121
-121
-121
-121
-121
-121
-121
-121
-121
-121
-121
-121
-121
-121
-121
-121
-121
-121
-121
-121
-121
-121
-121
-120
-120
-120
-120
-120
-120
-120
-120
-120
-120
-120
-120
-120
-120
-120
-120
-120
-120
-120
-120
-120
-120
-120
-120
-120
-120
-120
-120
-120
-120
-120
-120
-120
-120
-120
-120
-120
-120
-120
-120
-120
-120
-120
-120
-120
-120
-120
-120
-120
-120
-120
-120
-120
-120
-120
-120
-120
-120
-120
-120
-120
-120
-120
-119
-119
-119
-119
-119
-119
-119
-119
-119
-119
-119
-119
-119
-119
-119
-119
-119
-119
-119
-119
-119
-119
-119
-119
-119
-119
-119
-119
-119
-119
-119
-119
-119
-118
-118
-118
-118
-118
-118
-118
-118
-118
-118
-118
-118
-118
-118
-118
-118
-118
-118
-118
-118
-118
-118
-118
-118
-118
-118
-118
-118
-118
-118
-118
-118
-118
-118
-118
-118
-118
-118
-118
-118
-118
-118
-118
-118
-118
-118
-117
-117
-117
-117
-117
-117
-117
-117
-117
-117
-117
-117
-117
-117
-117
-117
-117
-117
-117
-117
-117
-117
-117
-117
-117
-117
-117
-117
-117
-117
-117
-117
-117
-117
-117
-117
-117
-117
-117
-117
-117
-117
-117
-117
-117
-117
-117
-117
-117
-117
-117
-117
-116
-116
-116
-116
-116
-116
-116
-116
-116
-116
-116
-116
-116
-116
-116
-116
-116
-116
-116
-116
-116
-116
-116
-116
-116
-116
-116
-116
-116
-116
-116
-116
-116
-116
-116
-116
-116
-116
-116
-116
-116
-116
-116
-116
-116
-116
-116
-116
-116
-116
-116
-116
-115
-115
-115
-115
-115
-115
-115
-115
-115
-115
-115
-115
-115
-115
-115
-115
-115
-115
-115
-115
-115
-115
-115
-115
-115
-115
-115
-115
-115
-115
-115
-115
-115
-115
-115
-115
-115
-115
-115
-115
-115
-115
-115
-115
-115
-115
-115
-115
-115
-115
-115
-115
-115
-115
-115
-115
-115
-115
-115
-115
-114
-114
-114
-114
-114
-114
-114
-114
-114
-114
-114
-114
-114
-114
-114
-114
-114
-114
-114
-114
-114
-114
-114
-114
-114
-114
-114
-114
-114
-114
-114
-114
-114
-114
-114
-114
-114
-114
-114
-114
-114
-114
-114
-114
-114
-113
-113
-113
-113
-113
-113
-113
-113
-113
-113
-113
-113
-113
-113
-113
-113
-113
-113
-113
-113
-113
-113
-113
-113
-113
-113
-113
-113
-113
-113
-113
-113
-113
-113
-113
-113
-113
-113
-113
-113
-113
-113
-112
-112
-112
-112
-112
-112
-112
-112
-112
-112
-112
-112
-112
-112
-112
-112
-112
-112
-112
-112
-112
-112
-112
-112
-112
-112
-112
-112
-112
-112
-112
-112
-112
-112
-112
-112
-112
-112
-112
-112
-112
-112
-112
-112
-112
-111
-111
-111
-111
-111
-111
-111
-111
-111
-111
-111
-111
-111
-111
-111
-111
-111
-111
-111
-111
-111
-111
-111
-111
-111
-111
-111
-111
-111
-111
-111
-111
-111
-111
-111
-111
-111
-111
-111
-111
-111
-111
-111
-111
-111
-111
-111
-111
-111
-111
-111
-111
-110
-110
-110
-110
-110
-110
-110
-110
-110
-110
-110
-110
-110
-110
-110
-110
-110
-110
-110
-110
-110
-110
-110
-110
-110
-110
-110
-110
-110
-110
-110
-110
-110
-110
-110
-110
-110
-110
-110
-110
-110
-110
-110
-110
-110
-110
-110
-110
-110
-110
-110
-110
-110
-110
-110
-110
-110
-110
-110
-110
-110
-109
-109
-109
-109
-109
-109
-109
-109
-109
-109
-109
-109
-109
-109
-109
-109
-109
-109
-109
-109
-109
-109
-109
-109
-109
-109
-109
-109
-109
-109
-109
-109
-109
-109
-109
-109
-109
-109
-109
-109
-109
-109
-109
-109
-109
-109
-109
-108
-108
-108
-108
-108
-108
-108
-108
-108
-108
-108
-108
-108
-108
-108
-108
-108
-108
-108
-108
-108
-108
-108
-108
-108
-108
-108
-108
-108
-108
-108
-108
-108
-108
-108
-108
-108
-108
-108
-108
-108
-108
-108
-108
-108
-108
-108
-108
-108
-108
-108
-108
-108
-108
-108
-107
-107
-107
-107
-107
-107
-107
-107
-107
-107
-107
-107
-107
-107
-107
-107
-107
-107
-107
-107
-107
-107
-107
-107
-107
-107
-107
-107
-107
-107
-107
-107
-107
-107
-107
-107
-107
-107
-107
-107
-107
-107
-107
-107
-107
-107
-107
-107
-107
-107
-107
-107
-107
-107
-107
-107
-107
-107
-107
-107
-107
-107
-107
-107
-107
-107
-107
-107
-106
-106
-106
-106
-106
-106
-106
-106
-106
-106
-106
-106
-106
-106
-106
-106
-106
-106
-106
-106
-106
-106
-106
-106
-106
-106
-106
-106
-106
-106
-106
-106
-106
-106
-106
-106
-106
-106
-106
-106
-106
-106
-106
-106
-106
-106
-106
-106
-106
-106
-106
-106
-106
-106
-106
-106
-106
-106
-106
-105
-105
-105
-105
-105
-105
-105
-105
-105
-105
-105
-105
-105
-105
-105
-105
-105
-105
-105
-105
-105
-105
-105
-105
-105
-105
-105
-105
-105
-105
-105
-105
-105
-105
-105
-105
-105
-105
-105
-105
-105
-105
-105
-105
-105
-105
-105
-105
-105
-105
-105
-105
-105
-105
-105
-105
-105
-105
-105
-105
-105
-105
-105
-105
-105
-105
-105
-105
-105
-105
-105
-105
-105
-104
-104
-104
-104
-104
-104
-104
-104
-104
-104
-104
-104
-104
-104
-104
-104
-104
-104
-104
-104
-104
-104
-104
-104
-104
-104
-104
-104
-104
-104
-104
-104
-104
-104
-104
-104
-104
-104
-104
-104
-104
-104
-104
-104
-104
-104
-104
-104
-104
-104
-104
-104
-104
-104
-104
-104
-104
-104
-104
-104
-104
-104
-104
-104
-104
-104
-104
-103
-103
-103
-103
-103
-103
-103
-103
-103
-103
-103
-103
-103
-103
-103
-103
-103
-103
-103
-103
-103
-103
-103
-103
-103
-103
-103
-103
-103
-103
-103
-103
-103
-103
-103
-103
-103
-103
-103
-103
-103
-103
-103
-103
-103
-103
-103
-103
-103
-103
-103
-103
-103
-103
-103
-103
-103
-103
-103
-103
-103
-103
-103
-103
-103
-103
-103
-102
-102
-102
-102
-102
-102
-102
-102
-102
-102
-102
-102
-102
-102
-102
-102
-102
-102
-102
-102
-102
-102
-102
-102
-102
-102
-102
-102
-102
-102
-102
-102
-102
-102
-102
-102
-102
-102
-102
-102
-102
-102
-102
-102
-102
-102
-102
-102
-102
-102
-102
-102
-102
-102
-102
-102
-102
-102
-102
-102
-102
-102
-102
-102
-102
-102
-102
-102
-102
-102
-102
-102
-101
-101
-101
-101
-101
-101
-101
-101
-101
-101
-101
-101
-101
-101
-101
-101
-101
-101
-101
-101
-101
-101
-101
-101
-101
-101
-101
-101
-101
-101
-101
-101
-101
-101
-101
-101
-101
-101
-101
-101
-101
-101
-101
-101
-101
-101
-101
-101
-101
-101
-101
-101
-101
-101
-101
-100
-100
-100
-100
-100
-100
-100
-100
-100
-100
-100
-100
-100
-100
-100
-100
-100
-100
-100
-100
-100
-100
-100
-100
-100
-100
-100
-100
-100
-100
-100
-100
-100
-100
-100
-100
-100
-100
-100
-100
-100
-100
-100
-100
-100
-100
-100
-100
-100
-100
-100
-100
-100
-100
-100
-100
-100
-100
-100
-100
-100
-100
-100
-100
-100
-100
-100
-100
-100
-100
-100
-100
-99
-99
-99
-99
-99
-99
-99
-99
-99
-99
-99
-99
-99
-99
-99
-99
-99
-99
-99
-99
-99
-99
-99
-99
-99
-99
-99
-99
-99
-99
-99
-99
-99
-99
-99
-99
-99
-99
-99
-99
-99
-99
-99
-99
-99
-99
-99
-99
-99
-99
-99
-99
-99
-99
-99
-99
-99
-99
-99
-99
-99
-99
-99
-99
-99
-99
-99
-98
-98
-98
-98
-98
-98
-98
-98
-98
-98
-98
-98
-98
-98
-98
-98
-98
-98
-98
-98
-98
-98
-98
-98
-98
-98
-98
-98
-98
-98
-98
-98
-98
-98
-98
-98
-98
-98
-98
-98
-98
-98
-98
-98
-98
-98
-98
-98
-98
-98
-98
-98
-98
-98
-98
-98
-98
-98
-98
-98
-98
-98
-98
-98
-98
-98
-98
-98
-98
-97
-97
-97
-97
-97
-97
-97
-97
-97
-97
-97
-97
-97
-97
-97
-97
-97
-97
-97
-97
-97
-97
-97
-97
-97
-97
-97
-97
-97
-97
-97
-97
-97
-97
-97
-97
-97
-97
-97
-97
-97
-97
-97
-97
-97
-97
-97
-97
-97
-97
-97
-97
-97
-97
-97
-97
-97
-97
-97
-97
-97
-97
-97
-97
-97
-97
-97
-97
-97
-97
-97
-97
-97
-97
-97
-97
-97
-96
-96
-96
-96
-96
-96
-96
-96
-96
-96
-96
-96
-96
-96
-96
-96
-96
-96
-96
-96
-96
-96
-96
-96
-96
-96
-96
-96
-96
-96
-96
-96
-96
-96
-96
-96
-96
-96
-96
-96
-96
-96
-96
-96
-96
-96
-96
-96
-96
-96
-96
-96
-96
-96
-96
-96
-96
-96
-95
-95
-95
-95
-95
-95
-95
-95
-95
-95
-95
-95
-95
-95
-95
-95
-95
-95
-95
-95
-95
-95
-95
-95
-95
-95
-95
-95
-95
-95
-95
-95
-95
-95
-95
-95
-95
-95
-95
-95
-95
-95
-95
-95
-95
-95
-95
-95
-95
-95
-95
-95
-95
-95
-95
-95
-95
-95
-95
-95
-95
-95
-95
-95
-95
-95
-95
-95
-95
-95
-95
-94
-94
-94
-94
-94
-94
-94
-94
-94
-94
-94
-94
-94
-94
-94
-94
-94
-94
-94
-94
-94
-94
-94
-94
-94
-94
-94
-94
-94
-94
-94
-94
-94
-94
-94
-94
-94
-94
-94
-94
-94
-94
-94
-94
-94
-94
-94
-94
-94
-94
-94
-94
-94
-94
-94
-94
-93
-93
-93
-93
-93
-93
-93
-93
-93
-93
-93
-93
-93
-93
-93
-93
-93
-93
-93
-93
-93
-93
-93
-93
-93
-93
-93
-93
-93
-93
-93
-93
-93
-93
-93
-93
-93
-93
-93
-93
-93
-93
-93
-93
-93
-93
-93
-93
-93
-93
-93
-93
-93
-93
-93
-93
-93
-92
-92
-92
-92
-92
-92
-92
-92
-92
-92
-92
-92
-92
-92
-92
-92
-92
-92
-92
-92
-92
-92
-92
-92
-92
-92
-92
-92
-92
-92
-92
-92
-92
-92
-92
-92
-92
-92
-92
-92
-92
-92
-92
-92
-92
-92
-92
-92
-92
-92
-92
-92
-92
-92
-92
-92
-92
-92
-92
-92
-92
-92
-92
-92
-91
-91
-91
-91
-91
-91
-91
-91
-91
-91
-91
-91
-91
-91
-91
-91
-91
-91
-91
-91
-91
-91
-91
-91
-91
-91
-91
-91
-91
-91
-91
-91
-91
-91
-91
-91
-91
-91
-91
-91
-91
-91
-91
-91
-91
-91
-91
-91
-91
-91
-91
-91
-91
-91
-91
-91
-90
-90
-90
-90
-90
-90
-90
-90
-90
-90
-90
-90
-90
-90
-90
-90
-90
-90
-90
-90
-90
-90
-90
-90
-90
-90
-90
-90
-90
-90
-90
-90
-90
-90
-90
-90
-90
-90
-90
-90
-90
-90
-90
-90
-90
-90
-90
-90
-90
-90
-90
-90
-90
-90
-90
-90
-90
-90
-90
-90
-89
-89
-89
-89
-89
-89
-89
-89
-89
-89
-89
-89
-89
-89
-89
-89
-89
-89
-89
-89
-89
-89
-89
-89
-89
-89
-89
-89
-89
-89
-89
-89
-89
-89
-89
-89
-89
-89
-89
-89
-89
-89
-89
-89
-89
-89
-89
-89
-89
-89
-89
-89
-89
-89
-89
-89
-89
-89
-89
-89
-89
-89
-89
-89
-89
-89
-89
-89
-89
-89
-89
-89
-89
-89
-89
-88
-88
-88
-88
-88
-88
-88
-88
-88
-88
-88
-88
-88
-88
-88
-88
-88
-88
-88
-88
-88
-88
-88
-88
-88
-88
-88
-88
-88
-88
-88
-88
-88
-88
-88
-88
-88
-88
-88
-88
-88
-88
-88
-88
-88
-88
-88
-88
-88
-88
-88
-88
-88
-88
-88
-88
-88
-88
-87
-87
-87
-87
-87
-87
-87
-87
-87
-87
-87
-87
-87
-87
-87
-87
-87
-87
-87
-87
-87
-87
-87
-87
-87
-87
-87
-87
-87
-87
-87
-87
-87
-87
-87
-87
-87
-87
-87
-87
-87
-87
-87
-87
-87
-87
-87
-87
-87
-87
-87
-87
-87
-87
-87
-87
-87
-87
-87
-87
-87
-87
-87
-87
-87
-87
-87
-87
-87
-87
-87
-87
-87
-87
-87
-87
-86
-86
-86
-86
-86
-86
-86
-86
-86
-86
-86
-86
-86
-86
-86
-86
-86
-86
-86
-86
-86
-86
-86
-86
-86
-86
-86
-86
-86
-86
-86
-86
-86
-86
-86
-86
-86
-86
-86
-86
-86
-86
-86
-86
-86
-86
-86
-86
-86
-85
-85
-85
-85
-85
-85
-85
-85
-85
-85
-85
-85
-85
-85
-85
-85
-85
-85
-85
-85
-85
-85
-85
-85
-85
-85
-85
-85
-85
-85
-85
-85
-85
-85
-85
-85
-85
-85
-85
-85
-85
-85
-85
-85
-85
-85
-85
-85
-85
-85
-85
-85
-85
-85
-85
-85
-85
-85
-85
-85
-85
-85
-85
-85
-85
-85
-85
-85
-85
-85
-85
-85
-85
-85
-85
-84
-84
-84
-84
-84
-84
-84
-84
-84
-84
-84
-84
-84
-84
-84
-84
-84
-84
-84
-84
-84
-84
-84
-84
-84
-84
-84
-84
-84
-84
-84
-84
-84
-84
-84
-84
-84
-84
-84
-84
-84
-84
-84
-84
-84
-84
-84
-84
-84
-84
-84
-84
-84
-84
-84
-84
-83
-83
-83
-83
-83
-83
-83
-83
-83
-83
-83
-83
-83
-83
-83
-83
-83
-83
-83
-83
-83
-83
-83
-83
-83
-83
-83
-83
-83
-83
-83
-83
-83
-83
-83
-83
-83
-83
-83
-83
-83
-83
-83
-83
-83
-82
-82
-82
-82
-82
-82
-82
-82
-82
-82
-82
-82
-82
-82
-82
-82
-82
-82
-82
-82
-82
-82
-82
-82
-82
-82
-82
-82
-82
-82
-82
-82
-82
-82
-82
-82
-82
-82
-82
-82
-82
-82
-82
-82
-82
-82
-82
-82
-82
-82
-82
-82
-82
-82
-82
-82
-82
-81
-81
-81
-81
-81
-81
-81
-81
-81
-81
-81
-81
-81
-81
-81
-81
-81
-81
-81
-81
-81
-81
-81
-81
-81
-81
-81
-81
-81
-81
-81
-81
-81
-81
-81
-81
-81
-81
-81
-81
-81
-81
-81
-81
-81
-81
-81
-81
-81
-81
-81
-81
-81
-81
-81
-81
-81
-81
-81
-81
-81
-81
-81
-81
-81
-81
-81
-81
-81
-80
-80
-80
-80
-80
-80
-80
-80
-80
-80
-80
-80
-80
-80
-80
-80
-80
-80
-80
-80
-80
-80
-80
-80
-80
-80
-80
-80
-80
-80
-80
-80
-80
-80
-80
-80
-80
-80
-80
-80
-80
-80
-80
-80
-80
-80
-80
-80
-80
-80
-80
-80
-80
-80
-80
-80
-80
-80
-80
-80
-80
-80
-80
-80
-80
-80
-80
-80
-80
-80
-80
-79
-79
-79
-79
-79
-79
-79
-79
-79
-79
-79
-79
-79
-79
-79
-79
-79
-79
-79
-79
-79
-79
-79
-79
-79
-79
-79
-79
-79
-79
-79
-79
-79
-79
-79
-79
-79
-79
-79
-79
-79
-79
-79
-79
-79
-79
-79
-79
-79
-79
-79
-79
-79
-79
-79
-79
-79
-78
-78
-78
-78
-78
-78
-78
-78
-78
-78
-78
-78
-78
-78
-78
-78
-78
-78
-78
-78
-78
-78
-78
-78
-78
-78
-78
-78
-78
-78
-78
-78
-78
-78
-78
-78
-78
-78
-78
-78
-78
-78
-78
-78
-78
-78
-78
-78
-78
-78
-78
-78
-78
-78
-78
-78
-77
-77
-77
-77
-77
-77
-77
-77
-77
-77
-77
-77
-77
-77
-77
-77
-77
-77
-77
-77
-77
-77
-77
-77
-77
-77
-77
-77
-77
-77
-77
-77
-77
-77
-77
-77
-77
-77
-77
-77
-77
-77
-77
-77
-77
-77
-77
-77
-77
-77
-77
-77
-77
-77
-77
-77
-77
-77
-77
-76
-76
-76
-76
-76
-76
-76
-76
-76
-76
-76
-76
-76
-76
-76
-76
-76
-76
-76
-76
-76
-76
-76
-76
-76
-76
-76
-76
-76
-76
-76
-76
-76
-76
-76
-76
-76
-76
-76
-76
-76
-76
-76
-76
-76
-76
-76
-76
-76
-76
-76
-76
-76
-76
-76
-76
-76
-76
-76
-76
-76
-76
-76
-76
-76
-76
-75
-75
-75
-75
-75
-75
-75
-75
-75
-75
-75
-75
-75
-75
-75
-75
-75
-75
-75
-75
-75
-75
-75
-75
-75
-75
-75
-75
-75
-75
-75
-75
-75
-75
-75
-75
-75
-75
-75
-75
-75
-75
-75
-75
-75
-75
-75
-75
-75
-75
-75
-75
-75
-75
-75
-74
-74
-74
-74
-74
-74
-74
-74
-74
-74
-74
-74
-74
-74
-74
-74
-74
-74
-74
-74
-74
-74
-74
-74
-74
-74
-74
-74
-74
-74
-74
-74
-74
-74
-74
-74
-74
-74
-74
-74
-74
-74
-74
-74
-74
-74
-74
-74
-74
-74
-74
-74
-73
-73
-73
-73
-73
-73
-73
-73
-73
-73
-73
-73
-73
-73
-73
-73
-73
-73
-73
-73
-73
-73
-73
-73
-73
-73
-73
-73
-73
-73
-73
-73
-73
-73
-73
-73
-73
-73
-73
-73
-73
-73
-73
-73
-73
-73
-73
-73
-73
-73
-73
-72
-72
-72
-72
-72
-72
-72
-72
-72
-72
-72
-72
-72
-72
-72
-72
-72
-72
-72
-72
-72
-72
-72
-72
-72
-72
-72
-72
-72
-72
-72
-72
-72
-72
-72
-72
-72
-72
-72
-72
-72
-72
-72
-72
-72
-71
-71
-71
-71
-71
-71
-71
-71
-71
-71
-71
-71
-71
-71
-71
-71
-71
-71
-71
-71
-71
-71
-71
-71
-71
-71
-71
-71
-71
-71
-71
-71
-71
-71
-71
-71
-71
-71
-70
-70
-70
-70
-70
-70
-70
-70
-70
-70
-70
-70
-70
-70
-70
-70
-70
-70
-70
-70
-70
-70
-70
-70
-70
-70
-70
-70
-70
-70
-70
-70
-70
-70
-70
-70
-70
-70
-70
-70
-70
-70
-70
-70
-70
-70
-69
-69
-69
-69
-69
-69
-69
-69
-69
-69
-69
-69
-69
-69
-69
-69
-69
-69
-69
-69
-69
-69
-69
-69
-69
-69
-69
-69
-69
-69
-69
-69
-69
-69
-69
-69
-69
-69
-69
-69
-69
-69
-68
-68
-68
-68
-68
-68
-68
-68
-68
-68
-68
-68
-68
-68
-68
-68
-68
-68
-68
-68
-68
-68
-68
-68
-68
-68
-68
-68
-68
-68
-68
-68
-68
-68
-68
-68
-68
-68
-68
-68
-68
-68
-68
-68
-68
-67
-67
-67
-67
-67
-67
-67
-67
-67
-67
-67
-67
-67
-67
-67
-67
-67
-67
-67
-67
-67
-67
-67
-67
-67
-67
-67
-67
-67
-67
-67
-67
-67
-67
-67
-67
-67
-67
-67
-67
-67
-67
-67
-67
-66
-66
-66
-66
-66
-66
-66
-66
-66
-66
-66
-66
-66
-66
-66
-66
-66
-66
-66
-66
-66
-66
-66
-66
-66
-66
-66
-66
-66
-66
-66
-66
-66
-66
-66
-65
-65
-65
-65
-65
-65
-65
-65
-65
-65
-65
-65
-65
-65
-65
-65
-65
-65
-65
-65
-65
-65
-65
-65
-65
-65
-65
-65
-65
-65
-65
-64
-64
-64
-64
-64
-64
-64
-64
-64
-64
-64
-64
-64
-64
-64
-64
-64
-64
-64
-64
-64
-64
-64
-64
-64
-64
-64
-64
-64
-64
-63
-63
-63
-63
-63
-63
-63
-63
-63
-63
-63
-63
-63
-63
-63
-63
-63
-63
-63
-63
-63
-63
-63
-63
-63
-63
-63
-63
-63
-63
-63
-63
-63
-63
-62
-62
-62
-62
-62
-62
-62
-62
-62
-62
-62
-62
-62
-62
-62
-62
-62
-62
-62
-62
-62
-62
-62
-62
-62
-62
-62
-62
-62
-62
-62
-62
-62
-62
-62
-62
-62
-62
-61
-61
-61
-61
-61
-61
-61
-61
-61
-61
-61
-61
-61
-61
-61
-61
-61
-61
-61
-61
-61
-61
-61
-61
-61
-61
-61
-61
-61
-61
-61
-61
-61
-61
-61
-61
-61
-60
-60
-60
-60
-60
-60
-60
-60
-60
-60
-60
-60
-60
-60
-60
-60
-60
-60
-60
-60
-60
-60
-60
-60
-60
-60
-60
-60
-60
-60
-60
-60
-60
-60
-60
-60
-59
-59
-59
-59
-59
-59
-59
-59
-59
-59
-59
-59
-59
-59
-59
-59
-59
-59
-59
-59
-59
-59
-59
-59
-59
-59
-59
-59
-59
-59
-59
-59
-59
-59
-59
-59
-59
-59
-59
-59
-58
-58
-58
-58
-58
-58
-58
-58
-58
-58
-58
-58
-58
-58
-58
-58
-58
-58
-58
-58
-58
-58
-58
-58
-58
-58
-58
-58
-57
-57
-57
-57
-57
-57
-57
-57
-57
-57
-57
-57
-57
-57
-57
-57
-57
-57
-57
-57
-57
-57
-57
-57
-57
-57
-57
-57
-57
-57
-57
-57
-57
-56
-56
-56
-56
-56
-56
-56
-56
-56
-56
-56
-56
-56
-56
-56
-56
-56
-56
-56
-56
-56
-56
-56
-56
-56
-56
-56
-56
-56
-56
-56
-56
-56
-56
-55
-55
-55
-55
-55
-55
-55
-55
-55
-55
-55
-55
-55
-55
-55
-55
-55
-55
-55
-55
-55
-55
-55
-55
-55
-55
-55
-55
-55
-55
-55
-55
-55
-54
-54
-54
-54
-54
-54
-54
-54
-54
-54
-54
-54
-54
-54
-54
-54
-54
-54
-54
-54
-54
-54
-54
-54
-54
-54
-54
-54
-54
-54
-53
-53
-53
-53
-53
-53
-53
-53
-53
-53
-53
-53
-53
-53
-53
-53
-53
-53
-53
-53
-53
-53
-53
-53
-53
-53
-53
-53
-53
-53
-53
-53
-52
-52
-52
-52
-52
-52
-52
-52
-52
-52
-52
-52
-52
-52
-52
-52
-52
-52
-52
-52
-52
-52
-52
-52
-52
-52
-52
-52
-52
-52
-52
-52
-52
-52
-51
-51
-51
-51
-51
-51
-51
-51
-51
-51
-51
-51
-51
-51
-51
-51
-51
-51
-51
-51
-51
-51
-51
-51
-51
-51
-51
-51
-50
-50
-50
-50
-50
-50
-50
-50
-50
-50
-50
-50
-50
-50
-50
-50
-50
-50
-50
-50
-50
-50
-49
-49
-49
-49
-49
-49
-49
-49
-49
-49
-49
-49
-49
-49
-49
-49
-49
-49
-49
-49
-49
-49
-49
-49
-49
-49
-49
-49
-49
-49
-49
-49
-49
-48
-48
-48
-48
-48
-48
-48
-48
-48
-48
-48
-48
-48
-48
-48
-48
-48
-48
-48
-48
-48
-48
-48
-48
-48
-48
-48
-47
-47
-47
-47
-47
-47
-47
-47
-47
-47
-47
-47
-47
-47
-47
-47
-47
-47
-47
-47
-47
-47
-47
-47
-47
-47
-47
-47
-47
-47
-47
-46
-46
-46
-46
-46
-46
-46
-46
-46
-46
-46
-46
-46
-46
-46
-46
-46
-46
-46
-46
-46
-46
-46
-46
-46
-46
-46
-46
-46
-46
-46
-46
-46
-46
-46
-46
-46
-45
-45
-45
-45
-45
-45
-45
-45
-45
-45
-45
-45
-45
-45
-45
-45
-45
-45
-45
-45
-45
-45
-45
-45
-45
-45
-45
-45
-45
-45
-45
-45
-45
-45
-45
-45
-45
-45
-45
-45
-45
-45
-44
-44
-44
-44
-44
-44
-44
-44
-44
-44
-44
-44
-44
-44
-44
-44
-44
-44
-44
-44
-44
-44
-44
-44
-44
-43
-43
-43
-43
-43
-43
-43
-43
-43
-43
-43
-43
-43
-43
-43
-43
-43
-43
-43
-43
-43
-43
-43
-43
-43
-43
-43
-43
-43
-43
-43
-43
-43
-43
-43
-43
-43
-43
-43
-42
-42
-42
-42
-42
-42
-42
-42
-42
-42
-42
-42
-42
-42
-42
-42
-42
-42
-42
-42
-42
-42
-42
-42
-42
-42
-42
-42
-42
-42
-42
-42
-42
-42
-42
-41
-41
-41
-41
-41
-41
-41
-41
-41
-41
-41
-41
-41
-41
-41
-41
-41
-41
-41
-41
-41
-41
-41
-41
-41
-41
-41
-41
-40
-40
-40
-40
-40
-40
-40
-40
-40
-40
-40
-40
-40
-40
-40
-40
-40
-40
-40
-40
-40
-40
-40
-40
-40
-40
-40
-40
-40
-40
-40
-40
-40
-40
-40
-40
-40
-40
-40
-40
-40
-39
-39
-39
-39
-39
-39
-39
-39
-39
-39
-39
-39
-39
-39
-39
-39
-39
-39
-39
-39
-39
-39
-39
-39
-39
-39
-39
-39
-39
-39
-39
-38
-38
-38
-38
-38
-38
-38
-38
-38
-38
-38
-38
-38
-38
-38
-38
-38
-38
-38
-38
-38
-38
-38
-38
-38
-38
-38
-38
-38
-38
-38
-38
-38
-38
-38
-38
-38
-38
-38
-38
-38
-38
-38
-38
-37
-37
-37
-37
-37
-37
-37
-37
-37
-37
-37
-37
-37
-37
-37
-37
-37
-37
-37
-37
-37
-37
-37
-37
-37
-37
-37
-37
-37
-37
-37
-37
-37
-37
-37
-37
-36
-36
-36
-36
-36
-36
-36
-36
-36
-36
-36
-36
-36
-36
-36
-36
-36
-36
-36
-36
-36
-36
-36
-36
-36
-36
-36
-36
-36
-35
-35
-35
-35
-35
-35
-35
-35
-35
-35
-35
-35
-35
-35
-35
-35
-35
-35
-35
-35
-35
-35
-35
-35
-35
-35
-35
-35
-35
-35
-35
-35
-35
-35
-35
-35
-35
-35
-35
-35
-35
-35
-35
-35
-34
-34
-34
-34
-34
-34
-34
-34
-34
-34
-34
-34
-34
-34
-34
-34
-34
-34
-34
-34
-34
-34
-34
-34
-34
-34
-34
-34
-34
-34
-34
-34
-34
-34
-34
-34
-34
-34
-34
-34
-34
-34
-34
-34
-34
-34
-33
-33
-33
-33
-33
-33
-33
-33
-33
-33
-33
-33
-33
-33
-33
-33
-33
-33
-33
-33
-33
-33
-33
-33
-33
-33
-33
-33
-33
-33
-33
-33
-33
-33
-33
-33
-33
-33
-33
-33
-33
-33
-32
-32
-32
-32
-32
-32
-32
-32
-32
-32
-32
-32
-32
-32
-32
-32
-32
-32
-32
-32
-32
-32
-32
-32
-32
-32
-32
-32
-32
-32
-32
-32
-32
-32
-32
-32
-32
-32
-31
-31
-31
-31
-31
-31
-31
-31
-31
-31
-31
-31
-31
-31
-31
-31
-31
-31
-31
-31
-31
-31
-31
-31
-31
-31
-31
-31
-31
-31
-31
-31
-31
-30
-30
-30
-30
-30
-30
-30
-30
-30
-30
-30
-30
-30
-30
-30
-30
-30
-30
-30
-30
-30
-30
-30
-30
-30
-30
-30
-30
-30
-30
-30
-30
-30
-30
-29
-29
-29
-29
-29
-29
-29
-29
-29
-29
-29
-29
-29
-29
-29
-29
-29
-29
-29
-29
-29
-29
-29
-29
-29
-29
-29
-29
-29
-29
-29
-29
-29
-29
-29
-29
-29
-29
-29
-29
-29
-29
-29
-29
-28
-28
-28
-28
-28
-28
-28
-28
-28
-28
-28
-28
-28
-28
-28
-28
-28
-28
-28
-28
-28
-28
-28
-28
-28
-28
-28
-28
-28
-28
-28
-28
-28
-28
-27
-27
-27
-27
-27
-27
-27
-27
-27
-27
-27
-27
-27
-27
-27
-27
-27
-27
-27
-27
-27
-27
-27
-27
-27
-27
-27
-27
-27
-27
-27
-27
-27
-27
-27
-27
-27
-27
-27
-27
-27
-26
-26
-26
-26
-26
-26
-26
-26
-26
-26
-26
-26
-26
-26
-26
-26
-26
-26
-26
-26
-26
-26
-26
-26
-26
-26
-26
-26
-26
-26
-26
-26
-26
-26
-26
-26
-26
-26
-26
-25
-25
-25
-25
-25
-25
-25
-25
-25
-25
-25
-25
-25
-25
-25
-25
-25
-25
-25
-25
-25
-25
-25
-25
-25
-25
-25
-25
-25
-25
-25
-25
-25
-25
-25
-25
-25
-25
-24
-24
-24
-24
-24
-24
-24
-24
-24
-24
-24
-24
-24
-24
-24
-24
-24
-24
-24
-24
-24
-24
-24
-24
-24
-24
-24
-24
-24
-24
-24
-24
-24
-24
-24
-24
-24
-24
-24
-24
-24
-24
-24
-23
-23
-23
-23
-23
-23
-23
-23
-23
-23
-23
-23
-23
-23
-23
-23
-23
-23
-23
-23
-23
-23
-23
-23
-23
-23
-23
-23
-23
-23
-22
-22
-22
-22
-22
-22
-22
-22
-22
-22
-22
-22
-22
-22
-22
-22
-22
-22
-22
-22
-22
-22
-22
-22
-22
-22
-22
-22
-22
-22
-22
-22
-22
-22
-22
-22
-21
-21
-21
-21
-21
-21
-21
-21
-21
-21
-21
-21
-21
-21
-21
-21
-21
-21
-21
-21
-21
-21
-21
-21
-21
-21
-21
-21
-21
-21
-21
-21
-21
-21
-21
-21
-21
-20
-20
-20
-20
-20
-20
-20
-20
-20
-20
-20
-20
-20
-20
-20
-20
-20
-20
-20
-20
-20
-20
-20
-20
-20
-20
-20
-20
-20
-20
-20
-20
-20
-20
-20
-20
-20
-20
-20
-20
-20
-20
-20
-20
-19
-19
-19
-19
-19
-19
-19
-19
-19
-19
-19
-19
-19
-19
-19
-19
-19
-19
-19
-19
-19
-19
-19
-19
-19
-19
-19
-19
-19
-19
-19
-19
-19
-19
-19
-19
-18
-18
-18
-18
-18
-18
-18
-18
-18
-18
-18
-18
-18
-18
-18
-18
-18
-18
-18
-18
-18
-18
-18
-18
-17
-17
-17
-17
-17
-17
-17
-17
-17
-17
-17
-17
-17
-17
-17
-17
-17
-17
-17
-17
-17
-17
-17
-17
-17
-17
-17
-17
-17
-17
-17
-17
-17
-17
-16
-16
-16
-16
-16
-16
-16
-16
-16
-16
-16
-16
-16
-16
-16
-16
-16
-16
-16
-16
-16
-16
-16
-16
-16
-16
-16
-16
-16
-16
-16
-16
-16
-16
-16
-16
-16
-15
-15
-15
-15
-15
-15
-15
-15
-15
-15
-15
-15
-15
-15
-15
-15
-15
-15
-15
-15
-15
-15
-15
-15
-15
-15
-15
-15
-15
-15
-15
-15
-15
-15
-15
-15
-15
-15
-15
-14
-14
-14
-14
-14
-14
-14
-14
-14
-14
-14
-14
-14
-14
-14
-14
-14
-14
-14
-14
-14
-14
-14
-14
-14
-14
-14
-14
-14
-14
-14
-14
-14
-14
-14
-14
-14
-14
-14
-14
-14
-14
-14
-14
-13
-13
-13
-13
-13
-13
-13
-13
-13
-13
-13
-13
-13
-13
-13
-13
-13
-13
-13
-13
-13
-13
-13
-13
-13
-12
-12
-12
-12
-12
-12
-12
-12
-12
-12
-12
-12
-12
-12
-12
-12
-12
-12
-12
-12
-12
-12
-12
-12
-12
-12
-12
-12
-12
-12
-12
-12
-12
-12
-12
-12
-12
-12
-12
-12
-12
-12
-12
-12
-12
-12
-12
-12
-12
-12
-12
-12
-12
-12
-11
-11
-11
-11
-11
-11
-11
-11
-11
-11
-11
-11
-11
-11
-11
-11
-11
-11
-11
-11
-11
-11
-11
-11
-11
-11
-11
-11
-11
-11
-11
-11
-11
-11
-11
-11
-10
-10
-10
-10
-10
-10
-10
-10
-10
-10
-10
-10
-10
-10
-10
-10
-10
-10
-10
-10
-10
-10
-10
-10
-10
-10
-10
-10
-10
-10
-10
-10
-10
-10
-10
-10
-10
-10
-10
-10
-10
-10
-10
-10
-10
-10
-10
-10
-10
-10
-10
-10
-9
-9
-9
-9
-9
-9
-9
-9
-9
-9
-9
-9
-9
-9
-9
-9
-9
-9
-9
-9
-9
-9
-9
-9
-9
-9
-9
-9
-9
-9
-9
-9
-9
-9
-9
-9
-9
-9
-9
-9
-9
-9
-9
-9
-9
-9
-9
-9
-9
-9
-9
-9
-9
-9
-9
-9
-9
-9
-9
-9
-9
-9
-8
-8
-8
-8
-8
-8
-8
-8
-8
-8
-8
-8
-8
-8
-8
-8
-8
-8
-8
-8
-8
-8
-8
-8
-8
-8
-8
-8
-8
-8
-8
-8
-8
-8
-8
-8
-8
-8
-8
-8
-8
-8
-8
-8
-8
-8
-8
-8
-8
-8
-8
-8
-8
-8
-8
-8
-8
-8
-8
-8
-8
-8
-8
-8
-8
-8
-8
-8
-7
-7
-7
-7
-7
-7
-7
-7
-7
-7
-7
-7
-7
-7
-7
-7
-7
-7
-7
-7
-7
-7
-7
-7
-7
-7
-7
-7
-7
-7
-7
-7
-7
-7
-7
-7
-7
-7
-7
-7
-7
-7
-7
-7
-7
-7
-7
-7
-7
-7
-7
-7
-6
-6
-6
-6
-6
-6
-6
-6
-6
-6
-6
-6
-6
-6
-6
-6
-6
-6
-6
-6
-6
-6
-6
-6
-6
-6
-6
-6
-6
-6
-6
-6
-6
-6
-6
-6
-6
-6
-6
-6
-6
-6
-6
-6
-6
-6
-6
-6
-6
-6
-6
-6
-6
-6
-6
-6
-6
-6
-6
-6
-6
-6
-6
-6
-6
-5
-5
-5
-5
-5
-5
-5
-5
-5
-5
-5
-5
-5
-5
-5
-5
-5
-5
-5
-5
-5
-5
-5
-5
-5
-5
-5
-5
-5
-5
-5
-5
-5
-5
-5
-5
-5
-5
-5
-5
-5
-5
-5
-5
-5
-5
-5
-5
-5
-5
-5
-5
-5
-5
-5
-5
-4
-4
-4
-4
-4
-4
-4
-4
-4
-4
-4
-4
-4
-4
-4
-4
-4
-4
-4
-4
-4
-4
-4
-4
-4
-4
-4
-4
-4
-4
-4
-4
-4
-4
-4
-4
-4
-4
-4
-4
-4
-4
-4
-4
-4
-4
-4
-4
-4
-4
-4
-4
-4
-4
-4
-4
-4
-4
-4
-4
-4
-4
-4
-4
-4
-4
-4
-4
-4
-4
-4
-4
-4
-4
-4
-4
-4
-4
-4
-4
-4
-4
-4
-3
-3
-3
-3
-3
-3
-3
-3
-3
-3
-3
-3
-3
-3
-3
-3
-3
-3
-3
-3
-3
-3
-3
-3
-3
-3
-3
-3
-3
-3
-3
-3
-3
-3
-3
-3
-3
-3
-3
-3
-3
-3
-3
-3
-3
-3
-3
-3
-3
-3
-3
-3
-3
-3
-3
-3
-3
-3
-3
-3
-3
-3
-3
-3
-3
-3
-3
-3
-3
-3
-3
-3
-3
-3
-3
-3
-3
-3
-3
-3
-3
-3
-3
-3
-3
-3
-3
-3
-3
-3
-3
-3
-3
-3
-3
-3
-3
-3
-3
-3
-3
-3
-3
-3
-3
-3
-3
-3
-3
-3
-3
-3
-3
-3
-2
-2
-2
-2
-2
-2
-2
-2
-2
-2
-2
-2
-2
-2
-2
-2
-2
-2
-2
-2
-2
-2
-2
-2
-2
-2
-2
-2
-2
-2
-2
-2
-2
-2
-2
-2
-2
-2
-2
-2
-2
-2
-2
-2
-2
-2
-2
-2
-2
-2
-2
-2
-2
-2
-2
-2
-2
-2
-2
-2
-2
-2
-2
-2
-2
-2
-2
-2
-2
-2
-2
-2
-2
-2
-2
-2
-2
-2
-2
-2
-2
-2
-2
-2
-2
-2
-2
-2
-2
-2
-2
-2
-2
-2
-2
-2
-2
-2
-2
-2
-2
-2
-2
-2
-2
-2
-2
-2
-2
-2
-2
-2
-2
-2
-2
-2
-2
-2
-2
-2
-2
-2
-2
-2
-2
-2
-2
-2
-2
-2
-2
-2
-2
-2
-2
-2
-2
-2
-2
-2
-2
-2
-2
-2
-2
-2
-2
-2
-2
-2
-2
-2
-2
-2
-2
-2
-2
-2
-2
-2
-2
-2
-2
-2
-2
-2
-2
-2
-2
-2
-2
-2
-2
-2
-2
-2
-2
-2
-2
-2
-2
-2
-2
-2
-2
-2
-2
-2
-2
-2
-2
-2
-2
-2
-2
-2
-2
-2
-2
-2
-2
-2
-2
-2
-2
-2
-2
-2
-2
-2
-2
-2
-2
-2
-2
-2
-2
-2
-2
-2
-2
-2
-2
-2
-2
-2
-2
-2
-2
-2
-2
-2
-2
-2
-2
-2
-2
-2
-2
-2
-2
-2
-2
-2
-2
-2
-2
-2
-2
-2
-2
-2
-2
-2
-2
-2
-2
-2
-2
-2
-2
-2
-2
-2
-2
-2
-2
-2
-2
-2
-2
-2
-2
-2
-2
-2
-2
-2
-2
-2
-2
-2
-2
-2
-2
-2
-2
-2
-2
-2
-2
-2
-2
-2
-2
-2
-2
-2
-2
-2
-2
-2
-2
-2
-2
-2
-2
-2
-2
-2
-2
-2
-2
-2
-2
-2
-2
-2
-2
-2
-1
-1
-1
-1
-1
-1
-1
-1
-1
-1
-1
-1
-1
-1
-1
-1
-1
-1
-1
-1
-1
-1
-1
-1
-1
-1
-1
-1
-1
-1
-1
-1
-1
-1
-1
-1
-1
-1
-1
-1
-1
-1
-1
-1
-1
-1
-1
-1
-1
-1
-1
-1
-1
-1
-1
-1
-1
-1
-1
-1
-1
-1
-1
-1
-1
-1
-1
-1
-1
-1
-1
-1
-1
-1
-1
-1
-1
-1
-1
-1
-1
-1
-1
-1
-1
-1
-1
-1
-1
-1
-1
-1
-1
-1
-1
-1
-1
-1
-1
-1
-1
-1
-1
-1
-1
-1
-1
-1
-1
-1
-1
-1
-1
-1
-1
-1
-1
-1
-1
-1
-1
-1
-1
-1
-1
-1
-1
-1
-1
-1
-1
-1
-1
-1
-1
-1
-1
-1
-1
-1
-1
-1
-1
-1
-1
-1
-1
-1
-1
-1
-1
-1
-1
-1
-1
-1
-1
-1
-1
-1
-1
-1
-1
-1
-1
-1
-1
-1
-1
-1
-1
-1
-1
-1
-1
-1
-1
-1
-1
-1
-1
-1
-1
-1
-1
-1
-1
-1
-1
-1
-1
-1
-1
-1
-1
-1
-1
-1
-1
-1
-1
-1
-1
-1
-1
-1
-1
-1
-1
-1
-1
-1
-1
-1
-1
-1
-1
-1
-1
-1
-1
-1
-1
-1
-1
-1
-1
-1
-1
-1
-1
-1
-1
-1
-1
-1
-1
-1
-1
-1
-1
-1
-1
-1
-1
-1
-1
-1
-1
-1
-1
-1
-1
-1
-1
-1
-1
-1
-1
-1
-1
-1
-1
-1
-1
-1
-1
-1
-1
-1
-1
-1
-1
-1
-1
-1
-1
-1
-1
-1
-1
-1
-1
-1
-1
-1
-1
-1
-1
-1
-1
-1
-1
-1
-1
-1
-1
-1
-1
-1
-1
-1
-1
-1
-1
-1
-1
-1
-1
-1
-1
-1
-1
-1
-1
-1
-1
-1
-1
-1
-1
-1
-1
-1
-1
-1
-1
-1
-1
-1
-1
-1
-1
-1
-1
-1
-1
-1
-1
-1
-1
-1
-1
-1
-1
-1
-1
-1
-1
-1
-1
-1
-1
-1
-1
-1
-1
-1
-1
-1
-1
-1
-1
-1
-1
-1
-1
-1
-1
-1
-1
-1
-1
-1
-1
-1
-1
-1
-1
-1
-1
-1
-1
-1
-1
-1
-1
-1
-1
-1
-1
-1
-1
-1
-1
-1
-1
-1
-1
-1
-1
-1
-1
-1
-1
-1
-1
-1
-1
-1
-1
-1
-1
-1
-1
-1
-1
-1
-1
-1
-1
-1
-1
-1
-1
-1
-1
-1
-1
-1
-1
-1
-1
-1
-1
-1
-1
-1
-1
-1
-1
-1
-1
-1
-1
-1
-1
-1
-1
-1
-1
-1
-1
-1
0
0
0
0
0
0
0
0
0
0
0
0
0
0
0
0
0
0
0
0
0
0
0
0
0
0
0
0
0
0
0
0
0
0
0
0
0
0
0
0
0
0
0
0
0
0
0
0
0
0
0
0
0
0
0
0
0
0
0
0
0
0
0
0
0
0
0
0
0
0
0
0
0
0
0
0
0
0
0
0
0
0
0
0
0
0
0
0
0
0
0
0
0
0
0
0
0
0
0
0
0
0
0
0
0
0
0
0
0
0
0
0
0
0
0
0
0
0
0
0
0
0
0
0
0
0
0
0
0
0
0
0
0
0
0
0
0
0
0
0
0
0
0
0
0
0
0
0
0
0
0
0
0
0
0
0
0
0
0
0
0
0
0
0
0
0
0
0
0
0
0
0
0
0
0
0
0
0
0
0
0
0
0
0
0
0
0
0
0
0
0
0
0
0
0
0
0
0
0
0
0
0
0
0
0
0
0
0
0
0
0
0
0
0
0
0
0
0
0
0
0
0
0
0
0
0
0
0
0
0
0
0
0
0
0
0
0
0
0
0
0
0
0
0
0
0
0
0
0
0
0
0
0
0
0
0
0
0
0
0
0
0
0
0
0
0
0
0
0
0
0
0
0
0
0
0
0
0
0
0
0
0
0
0
0
0
0
0
0
0
0
0
0
0
0
0
0
0
0
0
0
0
0
0
0
0
0
0
0
0
0
0
0
0
0
0
0
0
0
0
0
0
0
0
0
0
0
0
0
0
0
0
0
0
0
0
0
0
0
0
0
0
0
0
0
0
0
0
0
0
0
0
0
0
0
0
0
0
0
0
0
0
0
0
0
0
0
0
0
0
0
0
0
0
0
0
0
0
0
0
0
0
0
0
0
0
0
0
0
0
0
0
0
0
0
0
0
0
0
0
0
0
0
0
0
0
0
0
0
0
0
0
0
0
0
0
0
0
0
0
0
0
0
0
0
0
0
0
0
0
0
0
0
0
0
0
0
0
0
0
0
0
0
0
0
0
0
0
0
0
0
0
0
0
0
0
0
0
0
0
0
0
0
0
0
0
0
0
0
0
0
0
0
0
0
0
0
0
0
0
0
0
0
0
0
0
0
0
0
0
0
0
0
0
0
0
0
0
0
0
0
0
0
0
0
0
0
0
0
0
0
0
0
0
0
0
0
0
0
0
0
0
0
0
0
0
0
0
0
0
0
0
0
0
0
0
0
0
0
0
0
0
0
0
0
0
0
0
0
0
0
0
0
0
0
0
0
0
0
0
0
0
0
0
0
0
0
0
0
0
0
0
0
0
0
0
0
0
0
0
0
0
0
0
0
0
0
0
0
0
0
0
0
0
0
0
0
0
0
0
0
0
0
0
0
0
0
0
0
0
0
0
0
0
0
0
0
0
0
0
0
0
0
0
0
0
0
0
0
0
0
0
0
0
0
0
0
0
0
0
0
0
0
0
0
0
0
0
0
0
0
0
0
0
0
0
0
0
0
0
0
0
0
0
0
0
0
0
0
0
0
0
0
0
0
0
0
0
0
0
0
0
0
0
0
0
0
0
0
0
0
0
0
0
0
0
0
0
0
0
0
0
0
0
0
0
0
0
0
0
0
0
0
0
0
0
0
0
0
0
0
0
0
0
0
0
0
0
0
0
0
0
0
0
0
0
0
0
0
0
0
0
0
0
0
0
0
0
0
0
0
0
0
0
0
0
0
0
0
0
0
0
0
0
0
0
0
0
0
0
0
0
0
0
0
0
0
0
0
0
0
0
0
0
0
0
0
0
0
0
0
0
0
0
0
0
0
0
0
0
0
0
0
0
0
0
0
0
0
0
0
0
0
0
0
0
0
0
0
0
0
0
0
0
0
0
0
0
0
0
0
0
0
0
0
0
0
0
0
0
0
0
0
0
0
0
0
0
0
0
0
0
0
0
0
0
0
0
0
0
0
0
0
0
0
0
0
0
0
0
0
0
0
0
0
0
0
0
0
0
0
0
0
0
0
0
0
0
0
0
0
0
0
0
0
0
0
0
0
0
0
0
0
0
0
0
0
0
0
0
0
0
0
0
0
0
0
0
0
0
0
0
0
0
0
0
0
0
0
0
0
0
0
0
0
0
0
0
0
0
0
0
0
0
0
0
0
0
0
0
0
0
0
0
0
0
0
0
0
0
0
0
0
0
0
0
0
0
0
0
0
0
0
0
0
0
0
0
0
0
0
0
0
0
0
0
0
0
0
0
0
0
0
0
0
0
0
0
0
0
0
0
0
0
0
0
0
0
0
0
0
0
0
0
0
0
0
0
0
0
0
0
0
0
0
0
0
0
0
0
0
0
0
0
0
0
0
0
0
0
0
0
0
0
0
0
0
0
0
0
0
0
0
0
0
0
0
0
0
0
0
0
0
0
0
0
0
0
0
0
0
0
0
0
0
0
0
0
0
0
0
0
0
0
0
0
0
0
0
0
0
0
0
0
0
0
0
0
0
0
0
0
0
0
0
0
0
0
0
0
0
0
0
0
0
0
0
0
0
0
0
0
0
0
0
0
0
0
0
0
0
0
0
0
0
0
0
0
0
0
0
0
0
0
0
0
0
0
0
0
0
0
0
0
0
0
0
0
0
0
0
0
0
0
0
0
0
0
0
0
0
0
0
0
0
0
0
0
0
0
0
0
0
0
0
0
0
0
0
0
0
0
0
0
0
0
0
0
0
0
0
0
0
0
0
0
0
0
0
0
0
0
0
0
0
0
0
0
0
0
0
0
0
0
0
0
0
0
0
0
0
0
0
0
0
0
0
0
0
0
0
0
0
0
0
0
0
0
0
0
0
0
0
0
0
0
0
0
0
0
0
0
0
0
0
0
0
0
0
0
0
0
0
0
0
0
0
0
0
0
0
0
0
0
0
0
0
0
0
0
0
0
0
0
0
0
0
0
0
0
0
0
0
0
0
0
0
0
0
0
0
0
0
0
0
0
0
0
0
0
0
0
0
0
0
0
0
0
0
0
0
0
0
0
0
0
0
0
0
0
0
0
0
0
0
0
0
0
0
0
0
0
0
0
0
0
0
0
0
0
0
0
0
0
0
0
0
0
0
0
0
0
0
0
0
0
0
0
0
0
0
0
0
0
0
0
0
0
0
0
0
0
0
0
0
0
0
0
0
0
0
0
0
0
0
0
0
0
0
0
0
0
0
0
0
0
0
0
0
0
0
0
0
0
0
0
0
0
0
0
0
0
0
0
0
0
0
0
0
0
0
0
0
0
0
0
0
0
0
0
0
0
0
0
0
0
0
0
0
0
0
0
0
0
0
0
0
0
0
0
0
0
0
0
0
0
0
0
0
0
0
0
0
0
0
0
0
0
0
0
0
0
0
0
0
0
0
0
0
0
0
0
0
0
0
0
0
0
0
0
0
0
0
0
0
0
0
0
0
0
0
0
0
0
0
0
0
0
0
0
0
0
0
0
0
0
0
0
0
0
0
0
0
0
0
0
0
0
0
0
0
0
0
0
0
0
0
0
0
0
0
0
0
0
0
0
0
0
0
0
0
0
0
0
0
0
0
0
0
0
0
0
0
0
0
0
0
0
0
0
0
0
0
0
0
0
0
0
0
0
0
0
0
0
0
0
0
0
0
0
0
0
0
0
0
0
0
0
0
0
0
0
0
0
0
0
0
0
0
0
0
0
0
0
0
0
0
0
0
0
0
0
0
0
0
0
0
0
0
0
0
0
0
0
0
0
0
0
0
0
0
0
0
0
0
0
0
0
0
0
0
0
0
0
0
0
0
0
0
0
0
0
0
0
0
0
0
0
0
0
0
0
0
0
0
0
0
0
0
0
0
0
0
0
0
0
0
0
0
0
0
0
0
0
0
0
0
0
0
0
0
0
0
0
0
0
0
0
0
0
0
0
0
0
0
0
0
0
0
0
0
0
0
0
0
0
0
0
0
0
0
0
0
0
0
0
0
0
0
0
0
0
0
0
0
0
0
0
0
0
0
0
0
0
0
0
0
0
0
0
0
0
0
0
0
0
0
0
0
0
0
0
0
0
0
0
0
0
0
0
0
0
0
0
0
0
0
0
0
0
0
0
0
0
0
0
0
0
0
0
0
0
0
0
0
0
0
0
0
0
0
0
0
0
0
0
0
0
0
0
0
0
0
0
0
0
0
0
0
0
0
0
0
0
0
0
0
0
0
0
0
0
0
0
0
0
0
0
0
0
0
0
0
0
0
0
0
0
0
0
0
0
0
0
0
0
0
0
0
0
0
0
0
0
0
0
0
0
0
0
0
0
0
0
0
0
0
0
0
0
0
0
0
0
0
0
0
0
0
0
0
0
0
0
0
0
0
0
0
0
0
0
0
0
0
0
0
0
0
0
0
0
0
0
0
0
0
0
0
0
0
0
0
0
0
0
0
0
0
0
0
0
0
0
0
0
0
0
0
0
0
0
0
0
0
0
0
0
0
0
0
0
0
0
0
0
0
0
0
0
0
0
0
0
0
0
0
0
0
0
0
0
0
0
0
0
0
0
0
0
0
0
0
0
0
0
0
0
0
0
0
0
0
0
0
0
0
0
0
0
0
0
0
0
0
0
0
0
0
0
0
0
0
0
0
0
0
0
0
0
0
0
0
0
0
0
0
0
0
0
0
0
0
0
0
0
0
0
0
0
0
0
0
0
0
0
0
0
0
0
0
0
0
0
0
0
0
0
0
0
0
0
0
0
0
0
0
0
0
0
0
0
0
0
0
0
0
0
0
0
0
0
0
0
0
0
0
0
0
0
0
0
0
0
0
0
0
0
0
0
0
0
0
0
0
0
0
0
0
0
0
0
0
0
0
0
0
0
0
0
0
0
0
0
0
0
0
0
0
0
0
0
0
0
0
0
0
0
0
0
0
0
0
0
0
0
0
0
0
0
0
0
0
0
0
0
0
0
0
0
0
0
0
0
0
0
0
0
0
0
0
0
0
0
0
0
0
0
0
0
0
0
0
0
0
0
0
0
0
0
0
0
0
0
0
0
0
0
0
0
0
0
0
0
0
0
0
0
0
0
0
0
0
0
0
0
0
0
0
0
0
0
0
0
0
0
0
0
0
0
0
0
0
0
0
0
0
0
0
0
0
0
0
0
0
0
0
0
0
0
0
0
0
0
0
0
0
0
0
0
0
0
0
0
0
0
0
0
0
0
0
0
0
0
0
0
0
0
0
0
0
0
0
0
0
0
0
0
0
0
0
0
0
0
0
0
0
0
0
0
0
0
0
0
0
0
0
0
0
0
0
0
0
0
0
0
0
0
0
0
0
0
0
0
0
0
0
0
0
0
0
0
0
0
0
0
0
0
0
0
0
0
0
0
0
0
0
0
0
0
0
0
0
0
0
0
0
0
0
0
0
0
0
0
0
0
0
0
0
0
0
0
0
0
0
0
0
0
0
0
0
0
0
0
0
0
0
0
0
0
0
0
0
0
0
0
0
0
0
0
0
0
0
0
0
0
0
0
0
0
0
0
0
0
0
0
0
0
0
0
0
0
0
0
0
0
0
0
0
0
0
0
0
0
0
0
0
0
0
0
0
0
0
0
0
0
0
0
0
0
0
0
0
0
0
0
0
0
0
0
0
0
0
0
0
0
0
0
0
0
0
0
0
0
0
0
0
0
0
0
0
0
0
0
0
0
0
0
0
0
0
0
0
0
0
0
0
0
0
0
0
0
0
0
0
0
0
0
0
0
0
0
0
0
0
0
0
0
0
0
0
0
0
0
0
0
0
0
0
0
0
0
0
0
0
0
0
0
0
0
0
0
0
0
0
0
0
0
0
0
0
0
0
0
0
0
0
0
0
0
0
0
0
0
0
0
0
0
0
0
0
0
0
0
0
0
0
0
0
0
0
0
0
0
0
0
0
0
0
0
0
0
0
0
0
0
0
0
0
0
0
1
1
1
1
1
1
1
1
1
1
1
1
1
1
1
1
1
1
1
1
1
1
1
1
1
1
1
1
1
1
1
1
1
1
1
1
1
1
1
1
1
1
1
1
1
1
1
1
1
1
1
1
1
1
1
1
1
1
1
1
1
1
1
1
1
1
1
1
1
1
1
1
1
1
1
1
1
1
1
1
1
1
1
1
1
1
1
1
1
1
1
1
1
1
1
1
1
1
1
1
1
1
1
1
1
1
1
1
1
1
1
1
1
1
1
1
1
1
1
1
1
1
1
1
1
1
1
1
1
1
1
1
1
1
1
1
1
1
1
1
1
1
1
1
1
1
1
1
1
1
1
1
1
1
1
1
1
1
1
1
1
1
1
1
1
1
1
1
1
1
1
1
1
1
1
1
1
1
1
1
1
1
1
1
1
1
1
1
1
1
1
1
1
1
1
1
1
1
1
1
1
1
1
1
1
1
1
1
1
1
1
1
1
1
1
1
1
1
1
1
1
1
1
1
1
1
1
1
1
1
1
1
1
1
1
1
1
1
1
1
1
1
1
1
1
1
1
1
1
1
1
1
1
1
1
1
1
1
1
1
1
1
1
1
1
1
1
1
1
1
1
1
1
1
1
1
1
1
1
1
1
1
1
1
1
1
1
1
1
1
1
1
1
1
1
1
1
1
1
1
1
1
1
1
1
1
1
1
1
1
1
1
1
1
1
1
1
1
1
1
1
1
1
1
1
1
1
1
1
1
1
1
1
1
1
1
1
1
1
1
1
1
1
1
1
1
1
1
1
1
1
1
1
1
1
1
1
1
1
1
1
1
1
1
1
1
1
1
1
1
1
1
1
1
1
1
1
1
1
1
1
1
1
1
1
1
1
1
1
1
1
1
1
1
1
1
1
1
1
1
1
1
1
1
1
1
1
1
1
1
1
1
1
1
1
1
1
1
1
1
1
1
1
1
1
1
1
1
1
1
1
1
1
1
1
1
1
1
1
1
1
1
1
1
1
1
1
1
1
1
1
1
1
1
1
1
1
1
1
1
1
1
1
1
1
1
1
1
1
1
1
1
1
1
1
1
1
1
1
1
1
1
1
1
1
1
1
1
1
2
2
2
2
2
2
2
2
2
2
2
2
2
2
2
2
2
2
2
2
2
2
2
2
2
2
2
2
2
2
2
2
2
2
2
2
2
2
2
2
2
2
2
2
2
2
2
2
2
2
2
2
2
2
2
2
2
2
2
2
2
2
2
2
2
2
2
2
2
2
2
2
2
2
2
2
2
2
2
2
2
2
2
2
2
2
2
2
2
2
2
2
2
2
2
2
2
2
2
2
2
2
2
2
2
2
2
2
2
2
2
2
2
2
2
2
2
2
2
2
2
2
2
2
2
2
2
2
2
2
2
2
2
2
2
2
2
2
2
2
2
2
2
2
2
2
2
2
2
2
2
2
2
2
2
2
2
2
2
2
2
2
2
2
2
2
2
2
2
2
2
2
2
2
2
2
2
2
2
2
2
2
2
2
2
2
2
2
2
2
2
2
2
2
2
2
2
2
2
2
2
2
2
2
2
2
2
2
2
2
2
2
2
2
2
2
2
2
2
2
2
2
2
2
2
2
2
2
2
2
2
2
2
2
2
2
2
2
2
2
2
2
2
3
3
3
3
3
3
3
3
3
3
3
3
3
3
3
3
3
3
3
3
3
3
3
3
3
3
3
3
3
3
3
3
3
3
3
3
3
3
3
3
3
3
3
3
3
3
3
3
3
3
3
3
3
3
3
3
3
3
3
3
3
3
3
3
3
3
3
3
3
3
3
3
3
3
3
3
3
3
3
3
3
3
3
3
3
3
3
3
3
3
3
3
3
3
3
3
3
3
3
3
3
3
3
3
3
3
3
3
3
3
3
3
3
3
3
3
3
3
3
3
3
4
4
4
4
4
4
4
4
4
4
4
4
4
4
4
4
4
4
4
4
4
4
4
4
4
4
4
4
4
4
4
4
4
4
4
4
4
4
4
4
4
4
4
4
4
4
4
4
4
4
4
4
4
4
4
4
4
4
4
4
4
4
4
4
4
4
4
4
4
4
4
4
4
4
4
4
4
4
4
4
4
4
4
4
4
4
4
4
4
4
4
4
4
5
5
5
5
5
5
5
5
5
5
5
5
5
5
5
5
5
5
5
5
5
5
5
5
5
5
5
5
5
5
5
5
5
5
5
5
5
5
5
5
5
5
5
5
5
5
5
5
5
5
5
5
5
5
5
5
5
5
5
5
5
5
5
5
5
5
6
6
6
6
6
6
6
6
6
6
6
6
6
6
6
6
6
6
6
6
6
6
6
6
6
6
6
6
6
6
6
6
6
6
6
6
6
6
6
6
6
6
6
6
6
6
6
6
6
6
6
6
6
6
6
6
6
6
6
6
6
6
6
6
6
6
6
6
6
7
7
7
7
7
7
7
7
7
7
7
7
7
7
7
7
7
7
7
7
7
7
7
7
7
7
7
7
7
7
7
7
7
7
7
7
7
7
7
7
7
7
7
7
7
7
7
7
7
7
7
7
7
7
7
7
7
7
7
7
7
7
7
7
7
7
7
7
7
7
7
7
8
8
8
8
8
8
8
8
8
8
8
8
8
8
8
8
8
8
8
8
8
8
8
8
8
8
8
8
8
8
8
8
8
8
8
8
8
8
8
8
8
8
8
8
8
8
8
8
8
8
8
8
8
8
8
8
8
8
9
9
9
9
9
9
9
9
9
9
9
9
9
9
9
9
9
9
9
9
9
9
9
9
9
9
9
9
9
9
9
9
9
9
9
9
9
9
9
9
9
9
9
9
9
9
9
9
9
9
9
9
9
9
9
9
9
9
9
9
9
9
9
9
9
9
10
10
10
10
10
10
10
10
10
10
10
10
10
10
10
10
10
10
10
10
10
10
10
10
10
10
10
10
10
10
10
10
10
10
10
10
10
10
10
10
10
10
10
10
10
10
10
10
10
10
11
11
11
11
11
11
11
11
11
11
11
11
11
11
11
11
11
11
11
11
11
11
11
11
11
11
11
11
11
11
11
12
12
12
12
12
12
12
12
12
12
12
12
12
12
12
12
12
12
12
12
12
12
12
12
12
12
12
12
12
12
12
12
12
12
13
13
13
13
13
13
13
13
13
13
13
13
13
13
13
13
13
13
13
13
13
13
13
13
13
13
13
13
13
13
14
14
14
14
14
14
14
14
14
14
14
14
14
14
14
14
14
14
14
14
14
14
14
14
14
15
15
15
15
15
15
15
15
15
15
15
15
15
15
15
15
15
15
15
15
15
15
15
15
15
16
16
16
16
16
16
16
16
16
16
16
16
16
16
16
16
16
16
16
16
16
16
16
16
16
16
17
17
17
17
17
17
17
17
17
17
17
17
17
17
17
17
18
18
18
18
18
18
18
18
18
18
18
18
18
18
18
18
18
18
18
18
18
18
19
19
19
19
19
19
19
19
19
19
19
19
19
19
19
19
19
19
19
19
19
19
19
19
19
19
19
19
20
20
20
20
20
20
20
20
20
20
20
20
20
20
20
20
20
20
21
21
21
21
21
21
21
21
21
21
21
21
21
21
21
21
21
21
21
21
21
21
21
21
22
22
22
22
22
22
22
22
22
22
22
22
22
22
22
22
22
22
22
22
23
23
23
23
23
23
23
23
23
23
23
23
23
23
23
23
23
24
24
24
24
24
24
24
24
24
24
24
24
24
24
24
24
24
24
24
24
24
24
25
25
25
25
25
25
25
25
25
25
25
25
25
25
25
25
25
26
26
26
26
26
26
26
26
26
26
26
26
26
27
27
27
27
27
27
27
27
27
27
27
27
27
27
27
27
27
27
27
27
28
28
28
28
28
28
28
28
28
28
28
29
29
29
29
29
29
29
29
29
29
29
29
29
29
30
30
30
30
30
30
30
30
30
30
30
30
30
30
30
30
31
31
31
31
31
31
31
31
31
31
32
32
32
32
32
32
32
32
32
32
32
32
32
32
33
33
33
33
33
33
33
33
33
33
33
33
33
33
33
33
33
33
33
34
34
34
34
34
34
34
34
34
34
34
34
34
34
34
34
34
34
34
34
34
35
35
35
35
35
35
35
35
35
35
35
36
36
36
36
36
36
36
36
36
36
36
36
36
37
37
37
37
37
37
37
37
37
37
38
38
38
38
38
38
38
39
39
39
39
39
39
39
40
40
40
40
40
40
40
40
41
41
41
41
41
41
41
41
42
42
42
43
43
43
43
43
43
43
43
43
43
43
44
44
44
44
44
45
45
45
45
46
46
47
47
47
47
48
48
48
48
49
49
49
49
49
50
50
50
51
51
51
51
52
52
52
53
53
53
54
54
54
54
54
54
54
55
55
55
56
56
57
58
59
59
60
61
62
62
62
62
62
63
63
64
64
64
64
64
64
65
65
65
65
65
65
65
66
66
66
66
67
67
67
68
68
68
68
68
68
68
69
69
69
69
69
69
69
70
70
70
71
71
72
72
72
72
72
72
72
73
73
73
73
73
73
73
73
73
74
74
74
74
75
75
75
75
75
75
75
76
76
76
76
76
76
77
77
77
77
77
77
77
78
78
78
78
78
78
78
78
78
78
79
79
79
79
79
79
79
79
80
80
80
80
80
80
81
81
81
81
81
81
81
82
82
82
82
82
82
82
82
82
82
82
82
82
82
83
83
83
84
84
84
84
84
84
84
84
85
85
85
85
85
85
85
86
86
86
86
86
87
87
87
87
88
88
88
88
89
89
89
89
89
89
89
89
89
90
90
90
90
90
90
90
91
91
91
91
91
91
92
92
92
92
92
93
93
93
93
93
93
93
93
94
94
94
94
94
95
95
95
95
95
95
95
95
96
96
96
96
96
97
97
97
97
97
97
97
97
98
98
98
98
99
99
100
100
100
101
102
103
103
104
104
104
104
105
105
105
106
106
106
106
106
106
107
108
109
109
110
111
113
114
116
117
117
117
117
120
120
120
121
123
124
124
125
125
126
130
130
130
132
132
132
133
134
136
140
140
153
155
158
158
159
161
179
187
204
205
254
339
387
438
512
