2 1714.935669
4 1704.135742
3 1702.190552
5 1653.538574
7 1651.260132
8 1646.237305
6 1645.793213
18 1638.52002
20 1636.4823
17 1635.684448
19 1634.529175
10 1627.868164
9 1627.197144
12 1623.496826
13 1620.478149
11 1620.087036
14 1612.534912
21 1610.561157
1 1605.398438
16 1604.82251
22 1603.17395
23 1599.010376
15 1593.921143
29 1592.332764
30 1577.213623
32 1571.121094
35 1568.917236
36 1563.143188
39 1560.925415
24 1560.30835
25 1560.199585
33 1559.65564
34 1555.714722
26 1552.691162
37 1550.252075
38 1548.070679
27 1540.395386
31 1539.123535
28 1537.395752
