16764.20533566713 0.0019088289220555864 56.859729 0 56945.193696 0.0005619438256866931 51.757161 0 5566.838334 0.005748325724596119 58.244637 0 121.0 0.2644628099173554 58.64 0
8993.34991395138 0.0035581846927092665 63.468459 0 7358.297819 0.004348831861272616 55.916974 0 3015.422936 0.010612110035366528 62.043953 0 30.1 1.0631229235880397 68.09 0
588.7641930201687 0.05435113136865612 66.373064 0 379.913875 0.08422961651505884 63.100997 0 361.301006 0.08856880957591357 65.705408 0 12.3 2.6016260162601625 76.57 0
122.76600312748286 0.2606584818662746 71.538104 0 105.640855 0.3029131106521241 70.538693 0 112.732324 0.2838582481454032 71.152732 0 9.3 3.440860215053763 82.3 0
30.655155211024592 1.0438701020992305 77.831849 0 29.231381 1.09471393089502 77.5905 0 32.197831 0.9938557662471115 77.761802 0 6.24 5.128205128205128 94.93 0
15.004789982013419 2.13265230891996 86.682842 0 14.335459 2.2322270950654595 86.36623 0 14.951626 2.1402354499771463 86.779351 0 4.7 6.808510638297872 109.81 0






