1154.3823580004816 0.02772045135498047 35.66515 0 366.77022 0.08724808682667858 31.148769 0 935.197871 0.03421735762270571 33.375524 0 
19.383527535343188 1.6508862972259521 45.366579 0 15.638881 2.0461822044684657 44.872183 0 18.386438 1.7404132328404232 44.891628 0 
6.438372312400562 4.970200300216675 65.177527 0 6.073435 5.268847036314705 64.823188 0 6.396993 5.002350323034588 64.988862 0 
3.8676261646371035 8.27380895614624 85.174673 0 3.718405 8.60584040737897 84.823228 0 3.867478 8.274125929093843 84.771863 0 
2.752998202603463 11.623690843582153 105.174877 0 2.677265 11.952496297527516 104.821934 0 2.751628 11.629478984804631 104.769512 0 
1156.8798365756743 0.027660608291625977 35.665481 0 
19.421687541981914 1.6476426124572754 45.33206 0 
6.474794042393976 4.94224214553833 65.177199 0 
3.8674543167594946 8.274176597595215 85.175651 0 
2.7525632422979376 11.625527620315552 105.17543 0 
