2212.2417723659732 0.014464965086422846 32.395792 0.080633 1755.036037 0.01823324383395553 28.905523 0.082603 1223.848808 0.026147020604852363 31.577138 0.091611 59.8 0.5351170568561873 35.23 0.19252
325.2811331264423 0.09837644038076152 36.869899 0.10402 277.580596 0.11528183331661987 35.588203 0.105479 266.975235 0.11986130473862117 36.35626 0.109546 35.0 0.9142857142857143 38.43 0.324878
100.48506971970772 0.31845526991482964 42.854923 0.304637 97.984177 0.32658334212471873 41.21763 0.212032 89.149312 0.35894836743103525 42.073193 0.253126 13.1 2.4427480916030535 46.41 0.773309
32.6865946582934 0.9789946103143786 50.305752 0.776174 28.886219 1.107794689225336 48.068715 0.611233 28.788077 1.1115712939075437 49.046694 0.69819 7.73 4.139715394566624 58.59 0.982509

35.0 0.9142857142857143 38.43 0
13.1 2.4427480916030535 46.41 0
7.73 4.139715394566624 58.59 0
6.41 4.99219968798752 65.2 0
32.6865946582934 0.9789946103143786 50.305752 0 28.886219 1.107794689225336 48.068715 0 28.788077 1.1115712939075437 49.046694 0 6.41 4.99219968798752 65.2 0
31.442031559844725 1.017745941100952 47.218075 0 33.036596133292115 0.9686227924599199 50.458246 0 32.54637160179778 0.9832125187875751 50.408385 0 29.625714994917807 1.080142707289579 47.985267 0 