17 2614.393392808446
18 2528.4979465732263
9 2498.0034989763635
2 2461.8975017425437
3 2458.1101058569284
7 2454.603657644477
4 2453.7958974733992
1 2452.361191302759
5 2441.7429777324987
6 2440.5885732989054
12 2439.3465886372724
8 2436.689444827711
11 2433.6850045330916
27 2428.752632912309
28 2427.259259259259
10 2422.5277597285394
13 2418.0760278168127
25 2415.9867516290456
15 2415.464996580643
14 2414.8565671104716
19 2414.0747508903196
24 2412.7728482059397
29 2411.2990550105997
22 2409.8270611893136
23 2404.646122975491
26 2403.526521256402
20 2398.286898720606
21 2395.8039341687195
16 2387.1114431046135
