5 14.27581485841581
4 14.253538010609093
2 14.125163570310765
3 14.085273703056163
7 13.893533279933452
6 13.888817625830864
13 13.875972223600677
12 13.868092391039296
11 13.863617376688978
14 13.856323740077313
8 13.851167296904414
9 13.836656647583812
10 13.823369325648747
15 13.77108462414214
16 13.745664645166999
17 13.730595870071296
18 13.72135666869018
19 13.706254332422018
20 13.696813023601736
21 13.692470197306715
22 13.678019553927182
24 13.65851307543388
23 13.656409026040004
25 13.642769291194197
26 13.630975560512521
28 13.617356163099364
27 13.615311733225454
30 13.607691973901014
29 13.60565871986243
1 13.156560227619599
