3 18.235847580990757
4 18.11274639717817
5 17.37921703226259
11 17.12481109143332
6 17.061667018395735
7 16.504292811534167
8 15.707710655990072
2 15.591307761860003
9 15.582778943486186
18 14.91996021643718
10 14.838761551355036
16 14.347109395924718
17 14.334418707505431
12 14.225207212376128
14 13.706121816029087
13 13.618604527199343
15 13.103421277912041
1 12.96810601797712
29 12.859587230487588
22 12.712893926668457
20 12.318221608826866
30 12.221117546333979
23 12.206971335189001
19 12.193930788436699
32 12.096790707997336
33 12.094453150931656
24 12.056854662618768
27 12.042458435474778
28 12.026674404347517
26 11.990277973832365
25 11.963755114165684
21 11.940603079165529
31 11.68841602622011
